fr:mandelbrot
x:0.385635375976562
y:-0.401794517318244
zoom:0.177978515625000
iter:100
c.r:0.284999999999999
c.i:-0.010000000000000
color_set:1
d_color:1
