fr:julia
x:-0.423168182373047
y:-0.210820861314059
zoom:0.056313514709472
iter:100
c.r:0.284999999999999
c.i:0.010000000000000
color_set:1
d_color:-1
lor:1
