fr:julia
x:0.133463541666666
y:-0.261316872427983
zoom:0.562500000000000
iter:400
c.r:0.300000000000000
c.i:0.020000000000000
color_set:2
d_color:1
_color:1
