fr:mandelbrot
x:-0.747756133004547
y:0.063760794151559
zoom:0.000000680353342
iter:5000
c.r:0.000000000000000
c.i:0.000000000000000
color_set:2
d_color:1
