fr:mandelbrot
x:-0.905028555495802
y:-0.248993420752933
zoom:0.000020947680842
iter:1600
c.r:0.000000000000000
c.i:0.000000000000000
color_set:1
d_color:1
