fr:mandelbrot
x:-1.628779671834005
y:0.007969569271770
zoom:0.013363461010158
iter:100
c.r:0.000000000000000
c.i:0.000000000000000
color_set:-1
d_color:1

