fr:julia
x:0.000000000000000
y:0.000000000000000
zoom:1.000000000000000
iter:100
c.r:0.284999999999999
c.i:0.010000000000000
color_set:1
d_color:1

_color:1
